x = 5.0, y = 0.0, result = 6.62104291152805
x = 5.0, y = 4.0, result = 6.617005379895358
x = 5.0, y = 6.0, result = 6.617003863278677
x = 7.0, y = 5.0, result = 6.894496799230653
